[Version]
Condor version=3000

[Task]
Landscape=Slovenia3
Count=6
TPName0=Ajdovscina
TPPosX0=231523.859375
TPPosY0=59637.1015625
TPPosZ0=114
TPAirport0=1
TPSectorType0=0
TPSectorDirection0=0
TPRadius0=3000
TPAngle0=90
TPAltitude0=1500
TPWidth0=0
TPHeight0=10000
TPAzimuth0=0
TPName1=NewTP
TPPosX1=238815
TPPosY1=64215
TPPosZ1=762
TPAirport1=0
TPSectorType1=0
TPSectorDirection1=0
TPRadius1=3000
TPAngle1=180
TPAltitude1=1500
TPWidth1=0
TPHeight1=10000
TPAzimuth1=0
TPName2=Nanos Tv Stolp
TPPosX2=218834.859375
TPPosY2=46179.13671875
TPPosZ2=1140
TPAirport2=0
TPSectorType2=0
TPSectorDirection2=0
TPRadius2=3000
TPAngle2=90
TPAltitude2=1500
TPWidth2=0
TPHeight2=10000
TPAzimuth2=0
TPName3=NewTP
TPPosX3=238815
TPPosY3=64215
TPPosZ3=762
TPAirport3=0
TPSectorType3=0
TPSectorDirection3=0
TPRadius3=3000
TPAngle3=90
TPAltitude3=1500
TPWidth3=0
TPHeight3=10000
TPAzimuth3=0
TPName4=Nanos Tv Stolp
TPPosX4=218834.859375
TPPosY4=46179.13671875
TPPosZ4=1140
TPAirport4=0
TPSectorType4=0
TPSectorDirection4=0
TPRadius4=3000
TPAngle4=90
TPAltitude4=1500
TPWidth4=0
TPHeight4=10000
TPAzimuth4=0
TPName5=Ajdovscina
TPPosX5=231523.859375
TPPosY5=59637.1015625
TPPosZ5=114
TPAirport5=0
TPSectorType5=0
TPSectorDirection5=0
TPRadius5=1000
TPAngle5=180
TPAltitude5=1500
TPWidth5=0
TPHeight5=10000
TPAzimuth5=0
PZCount=0
DisabledAirspaces=8,9,10,11,12,13,15,43,44,45,46,47,48,54,55,65,67,68,70,71,72,73,77,78,80,81,87,91,96,101,117,118,119,120,121,122,123,124,125,126,127,128,177,178,204,205,206,207,208,210,211,212,217,218,219,220,222,223,225,228,229,230,231,232,233,234,235,236,237,238,239,240,241,242,243,244,245,246,247,248,249,250,251,252,257,258,259,260,261,262,263,264,265,266,267,268,269,271,272,273,274,275,276,277,278,279,280,281,282,283,284,285,286,287,288,289,290,291,292,293,294,295,296,297,298,299,300,301,302,303,304,305,306,307,308,309,310,311,312,314,315,317,318,319,320,321,322,323,324,325,326,327,328,329,330,331,332,333,334,335,336,337,338,339,340,341,342,343,344,345,346,347,348,349,350,351,352,353,354,355

[Weather]
RandomizeWeatherOnEachFlight=0
WZCount=1

[WeatherZone0]
Name=Base
PointCount=0
MoveDir=0
MoveSpeed=0
BorderWidth=0
WindDir=207.407577514648
WindSpeed=10.8982830047607
WindUpperSpeed=0
WindDirVariation=2
WindSpeedVariation=2
WindTurbulence=1
ThermalsTemp=18.953125
ThermalsTempVariation=1
ThermalsDew=8.78125
ThermalsStrength=3
ThermalsStrengthVariation=1
ThermalsInversionheight=1821.2265625
ThermalsOverdevelopment=0
ThermalsWidth=3
ThermalsWidthVariation=1
ThermalsActivity=3
ThermalsActivityVariation=1
ThermalsTurbulence=2
ThermalsFlatsActivity=2
ThermalsStreeting=0
ThermalsBugs=1
WavesStability=5
WavesMoisture=8
HighCloudsCoverage=2

[Plane]
Class=15-meter
Name=Diana2
Skin=Default
Water=0
FixedMass=0
CGBias=0
Seat=1
Bugwipers=1

[GameOptions]
TaskDate=45464
StartTime=17
StartTimeWindow=1
RaceStartDelay=0.0166666675359011
AATTime=3
IconsVisibleRange=20
ThermalHelpersRange=0
TurnpointHelpersRange=0
AAT=0
AllowBugwipers=1
AllowPDA=1
AllowRealtimeScoring=1
AllowExternalView=1
AllowPadlockView=1
AllowSmoke=1
AllowPlaneRecovery=0
AllowHeightRecovery=0
AllowMidairCollisionRecovery=0
PenaltyCloudFlying=100
PenaltyPlaneRecovery=100
PenaltyHeightRecovery=100
PenaltyWrongWindowEnterance=100
PenaltyWindowCollision=100
PenaltyAirspaceEnterance=210
PenaltyPenaltyZoneEnterance=100
PenaltyThermalHelpers=0
MaxStartGroundSpeed=170
PenaltyStartSpeed=1
PenaltyHighStart=11
PenaltyLowFinish=0
RandSeed=535831429
StartType=0
StartHeight=700
BreakProb=0
RopeLength=50
MaxTeams=0
AcroFlight=0

[Description]
Text=100 km of evening ridge riding

