[Version]
Condor version=3100

[Task]
Landscape=Slovenia3
Count=6
TPName0=Murska-Sobota
TPPosX0=55314.30859375
TPPosY0=141970.921875
TPPosZ0=184
TPAirport0=1
TPSectorType0=0
TPSectorDirection0=0
TPRadius0=3000
TPAngle0=90
TPAltitude0=1500
TPWidth0=0
TPHeight0=10000
TPAzimuth0=0
TPName1=61_TURNISCE
TPPosX1=45443.91796875
TPPosY1=142554.171875
TPPosZ1=172
TPAirport1=0
TPSectorType1=0
TPSectorDirection1=0
TPRadius1=5000
TPAngle1=180
TPAltitude1=1500
TPWidth1=0
TPHeight1=1800
TPAzimuth1=0
TPName2=20_LUDBREG
TPPosX2=21404.630859375
TPPosY2=100449.09375
TPPosZ2=154
TPAirport2=0
TPSectorType2=0
TPSectorDirection2=0
TPRadius2=500
TPAngle2=360
TPAltitude2=1500
TPWidth2=0
TPHeight2=10000
TPAzimuth2=0
TPName3=Zabok
TPPosX3=78526.671875
TPPosY3=73107.0390625
TPPosZ3=138
TPAirport3=0
TPSectorType3=0
TPSectorDirection3=0
TPRadius3=500
TPAngle3=360
TPAltitude3=1500
TPWidth3=0
TPHeight3=10000
TPAzimuth3=0
TPName4=21_NEDELISCE
TPPosX4=38948.96484375
TPPosY4=114105.1796875
TPPosZ4=170
TPAirport4=0
TPSectorType4=0
TPSectorDirection4=0
TPRadius4=500
TPAngle4=360
TPAltitude4=1500
TPWidth4=0
TPHeight4=10000
TPAzimuth4=0
TPName5=Murska-Sobota
TPPosX5=55314.30859375
TPPosY5=141970.921875
TPPosZ5=184
TPAirport5=0
TPSectorType5=0
TPSectorDirection5=0
TPRadius5=3000
TPAngle5=360
TPAltitude5=1500
TPWidth5=400
TPHeight5=10000
TPAzimuth5=0
PZCount=0
DisabledAirspaces=8,9,10,11,12,13,15,43,44,45,46,47,48,54,55,65,67,68,70,71,72,73,77,78,80,81,87,91,96,101,117,118,119,120,121,122,123,124,125,126,127,128,177,178,204,205,206,207,208,210,211,212,214,217,218,219,220,222,223,225,227,228,229,230,231,232,233,234,235,236,237,238,239,240,241,242,243,244,245,246,247,248,249,250,251,252,257,258,259,260,261,262,263,264,265,266,267,268,269,271,272,273,274,275,276,277,278,279,280,281,282,283,284,285,286,287,288,289,290,291,292,293,294,295,296,297,298,299,300,301,302,303,304,305,306,307,308,309,310,311,312,314,315,317,318,319,320,321,322,323,324,325,326,327,328,329,330,331,332,333,334,335,336,337,338,339,340,341,342,343,344,345,346,347,348,349,350,351,352,353,354,355

[Weather]
RandomizeWeatherOnEachFlight=0
WZCount=1

[WeatherZone0]
Name=Base
PointCount=0
MoveDir=0
MoveSpeed=0
BorderWidth=0
WindDir=227.642547607422
WindSpeed=5.49574279785156
WindUpperSpeed=5.55555534362793
WindDirVariation=1
WindSpeedVariation=1
WindTurbulence=1
ThermalsTemp=25.921875
ThermalsTempVariation=0
ThermalsDew=10
ThermalsStrength=3
ThermalsStrengthVariation=3
ThermalsInversionheight=2648.0625
ThermalsOverdevelopment=0
ThermalsWidth=2
ThermalsWidthVariation=1
ThermalsActivity=3
ThermalsActivityVariation=0
ThermalsTurbulence=1
ThermalsFlatsActivity=2
ThermalsStreeting=3
ThermalsBugs=1
WavesStability=5
WavesMoisture=8
HighCloudsCoverage=2

[Plane]
Class=Open
Name=Antares18S
Skin=Default
Water=0
FixedMass=0
CGBias=0
Seat=1
Bugwipers=1

[GameOptions]
TaskDate=38524
StartTime=12
StartTimeWindow=1
RaceStartDelay=0.00166666670702398
AATTime=1.5
IconsVisibleRange=30
ThermalHelpersRange=0
TurnpointHelpersRange=30
AAT=0
AllowBugwipers=1
AllowPDA=1
AllowRealtimeScoring=1
AllowExternalView=1
AllowPadlockView=1
AllowSmoke=0
AllowPlaneRecovery=0
AllowHeightRecovery=0
AllowMidairCollisionRecovery=1
AllowInstructorActions=0
PenaltyCloudFlying=60
PenaltyPlaneRecovery=0
PenaltyHeightRecovery=50
PenaltyWrongWindowEnterance=0
PenaltyWindowCollision=0
PenaltyAirspaceEnterance=210
PenaltyPenaltyZoneEnterance=100
PenaltyThermalHelpers=0
MaxStartGroundSpeed=170
PenaltyStartSpeed=1
PenaltyHighStart=11
PenaltyLowFinish=1
RandSeed=276911529
StartType=2
StartHeight=1000
BreakProb=0
RopeLength=50
MaxWingLoading=0
MaxTeams=0
AcroFlight=0

[Description]
Text=Flatland task into Croatia

