[Version]
Condor version=3000

[Task]
Landscape=Slovenia3
Count=5
TPName0=Lesce-Bled
TPPosX0=208632.515625
TPPosY0=111248.109375
TPPosZ0=504
TPAirport0=1
TPSectorType0=0
TPSectorDirection0=0
TPRadius0=3000
TPAngle0=90
TPAltitude0=1500
TPWidth0=0
TPHeight0=10000
TPAzimuth0=0
TPName1=Radovljica
TPPosX1=209378.078125
TPPosY1=109504.7578125
TPPosZ1=416
TPAirport1=0
TPSectorType1=0
TPSectorDirection1=0
TPRadius1=3000
TPAngle1=180
TPAltitude1=1500
TPWidth1=0
TPHeight1=1700
TPAzimuth1=0
TPName2=Eisenkappler Hue
TPPosX2=182696.828125
TPPosY2=127214.7578125
TPPosZ2=1560
TPAirport2=0
TPSectorType2=0
TPSectorDirection2=0
TPRadius2=3000
TPAngle2=90
TPAltitude2=1500
TPWidth2=0
TPHeight2=10000
TPAzimuth2=0
TPName3=KEPA
TPPosX3=225641.90625
TPPosY3=128114.8203125
TPPosZ3=2022
TPAirport3=0
TPSectorType3=0
TPSectorDirection3=0
TPRadius3=3000
TPAngle3=90
TPAltitude3=1500
TPWidth3=0
TPHeight3=10000
TPAzimuth3=0
TPName4=Lesce-Bled
TPPosX4=208632.515625
TPPosY4=111248.109375
TPPosZ4=504
TPAirport4=0
TPSectorType4=0
TPSectorDirection4=0
TPRadius4=1000
TPAngle4=180
TPAltitude4=1500
TPWidth4=700
TPHeight4=10000
TPAzimuth4=0
PZCount=0
DisabledAirspaces=8,9,10,11,12,13,15,43,44,45,46,47,48,54,55,65,67,68,70,71,72,73,77,78,80,81,87,91,96,101,117,118,119,120,121,122,123,124,125,126,127,128,177,178,204,205,206,207,208,210,211,212,217,218,219,220,222,223,225,228,229,230,231,232,233,234,235,236,237,238,239,240,241,242,243,244,245,246,247,248,249,250,251,252,257,258,259,260,261,262,263,264,265,266,267,268,269,271,272,273,274,275,276,277,278,279,280,281,282,283,284,285,286,287,288,289,290,291,292,293,294,295,296,297,298,299,300,301,302,303,304,305,306,307,308,309,310,311,312,314,315,317,318,319,320,321,322,323,324,325,326,327,328,329,330,331,332,333,334,335,336,337,338,339,340,341,342,343,344,345,346,347,348,349,350,351,352,353,354,355

[Weather]
RandomizeWeatherOnEachFlight=0
WZCount=1

[WeatherZone0]
Name=Base
PointCount=0
MoveDir=0
MoveSpeed=0
BorderWidth=0
WindDir=205.016891479492
WindSpeed=13.8888883590698
WindUpperSpeed=20.8333339691162
WindDirVariation=1
WindSpeedVariation=1
WindTurbulence=2
ThermalsTemp=30.328125
ThermalsTempVariation=1
ThermalsDew=10
ThermalsStrength=1
ThermalsStrengthVariation=1
ThermalsInversionheight=2604
ThermalsOverdevelopment=0
ThermalsWidth=2
ThermalsWidthVariation=1
ThermalsActivity=3
ThermalsActivityVariation=2
ThermalsTurbulence=2
ThermalsFlatsActivity=2
ThermalsStreeting=3
ThermalsBugs=0
WavesStability=8
WavesMoisture=7
HighCloudsCoverage=3

[Plane]
Class=15-meter
Name=Diana2
Skin=Default
Water=0
FixedMass=0
CGBias=0
Seat=1
Bugwipers=1

[GameOptions]
TaskDate=45464
StartTime=12
StartTimeWindow=1
RaceStartDelay=0.16666667163372
AATTime=3
IconsVisibleRange=20
ThermalHelpersRange=0
TurnpointHelpersRange=0
AAT=0
AllowBugwipers=1
AllowPDA=1
AllowRealtimeScoring=1
AllowExternalView=1
AllowPadlockView=1
AllowSmoke=1
AllowPlaneRecovery=0
AllowHeightRecovery=0
AllowMidairCollisionRecovery=0
PenaltyCloudFlying=100
PenaltyPlaneRecovery=100
PenaltyHeightRecovery=100
PenaltyWrongWindowEnterance=100
PenaltyWindowCollision=100
PenaltyAirspaceEnterance=210
PenaltyPenaltyZoneEnterance=100
PenaltyThermalHelpers=0
MaxStartGroundSpeed=170
PenaltyStartSpeed=1
PenaltyHighStart=11
PenaltyLowFinish=1
RandSeed=1531089684
StartType=0
StartHeight=700
BreakProb=0
RopeLength=50
MaxTeams=0
AcroFlight=0

[Description]
Text=A 100 km FAI triangle on which a world speed record was set in the past.  The wind is very strong SW.

