[Version]
Condor version=3000

[Task]
Landscape=Slovenia3
Count=6
TPName0=Bovec
TPPosX0=256821.75
TPPosY0=108883.8125
TPPosZ0=430
TPAirport0=1
TPSectorType0=0
TPSectorDirection0=0
TPRadius0=3000
TPAngle0=90
TPAltitude0=1500
TPWidth0=0
TPHeight0=10000
TPAzimuth0=0
TPName1=NewTP
TPPosX1=253203.75
TPPosY1=107423.75
TPPosZ1=1416
TPAirport1=0
TPSectorType1=0
TPSectorDirection1=0
TPRadius1=4000
TPAngle1=180
TPAltitude1=1500
TPWidth1=0
TPHeight1=1600
TPAzimuth1=0
TPName2=Barcis Lago Di
TPPosX2=333541.96875
TPPosY2=95058.3515625
TPPosZ2=384
TPAirport2=0
TPSectorType2=0
TPSectorDirection2=0
TPRadius2=500
TPAngle2=360
TPAltitude2=1500
TPWidth2=0
TPHeight2=10000
TPAzimuth2=0
TPName3=Paluzza Nord
TPPosX3=297503.4375
TPPosY3=132690.796875
TPPosZ3=604
TPAirport3=0
TPSectorType3=0
TPSectorDirection3=0
TPRadius3=500
TPAngle3=360
TPAltitude3=1500
TPWidth3=0
TPHeight3=10000
TPAzimuth3=0
TPName4=UDPAV
TPPosX4=276083.15625
TPPosY4=70895.2734375
TPPosZ4=62
TPAirport4=0
TPSectorType4=0
TPSectorDirection4=0
TPRadius4=500
TPAngle4=360
TPAltitude4=1500
TPWidth4=0
TPHeight4=10000
TPAzimuth4=0
TPName5=Bovec
TPPosX5=256821.75
TPPosY5=108883.8125
TPPosZ5=430
TPAirport5=0
TPSectorType5=0
TPSectorDirection5=0
TPRadius5=1000
TPAngle5=180
TPAltitude5=1500
TPWidth5=0
TPHeight5=10000
TPAzimuth5=0
PZCount=0
DisabledAirspaces=8,9,10,11,12,13,15,43,44,45,46,47,48,54,55,65,67,68,70,71,72,73,77,78,80,81,87,91,96,101,117,118,119,120,121,122,123,124,125,126,127,128,177,178,204,205,206,207,208,210,211,212,217,218,219,220,222,223,225,228,229,230,231,232,233,234,235,236,237,238,239,240,241,242,243,244,245,246,247,248,249,250,251,252,257,258,259,260,261,262,263,264,265,266,267,268,269,271,272,273,274,275,276,277,278,279,280,281,282,283,284,285,286,287,288,289,290,291,292,293,294,295,296,297,298,299,300,301,302,303,304,305,306,307,308,309,310,311,312,314,315,317,318,319,320,321,322,323,324,325,326,327,328,329,330,331,332,333,334,335,336,337,338,339,340,341,342,343,344,345,346,347,348,349,350,351,352,353,354,355

[Weather]
RandomizeWeatherOnEachFlight=0
WZCount=1

[WeatherZone0]
Name=Base
PointCount=0
MoveDir=0
MoveSpeed=0
BorderWidth=0
WindDir=214.695159912109
WindSpeed=5.66574764251709
WindUpperSpeed=8.33333301544189
WindDirVariation=1
WindSpeedVariation=2
WindTurbulence=2
ThermalsTemp=21
ThermalsTempVariation=2
ThermalsDew=12.1875
ThermalsStrength=2
ThermalsStrengthVariation=4
ThermalsInversionheight=2082.34375
ThermalsOverdevelopment=0.199999988079071
ThermalsWidth=3
ThermalsWidthVariation=2
ThermalsActivity=3
ThermalsActivityVariation=1
ThermalsTurbulence=2
ThermalsFlatsActivity=3
ThermalsStreeting=0
ThermalsBugs=1
WavesStability=3
WavesMoisture=3
HighCloudsCoverage=0

[Plane]
Class=18-meter
Name=Antares18S
Skin=Default
Water=0
FixedMass=0
CGBias=0
Seat=1
Bugwipers=1

[GameOptions]
TaskDate=45464
StartTime=12
StartTimeWindow=1
RaceStartDelay=0.00166666670702398
AATTime=3
IconsVisibleRange=30
ThermalHelpersRange=0
TurnpointHelpersRange=10
AAT=0
AllowBugwipers=1
AllowPDA=1
AllowRealtimeScoring=1
AllowExternalView=1
AllowPadlockView=1
AllowSmoke=0
AllowPlaneRecovery=0
AllowHeightRecovery=0
AllowMidairCollisionRecovery=1
PenaltyCloudFlying=60
PenaltyPlaneRecovery=0
PenaltyHeightRecovery=0
PenaltyWrongWindowEnterance=0
PenaltyWindowCollision=0
PenaltyAirspaceEnterance=100
PenaltyPenaltyZoneEnterance=0
PenaltyThermalHelpers=0
MaxStartGroundSpeed=250
PenaltyStartSpeed=0
PenaltyHighStart=11
PenaltyLowFinish=0
RandSeed=460252999
StartType=2
StartHeight=1000
BreakProb=0
RopeLength=50
MaxTeams=0
AcroFlight=0

[Description]
Text=Rainy task in northern Italy

