[Version]
Condor version=3100

[Task]
Landscape=AA3
Count=6
TPName0=Samedan
TPPosX0=492085.71875
TPPosY0=367178.09375
TPPosZ0=1705
TPAirport0=1
TPSectorType0=0
TPSectorDirection0=0
TPRadius0=3000
TPAngle0=29080
TPAltitude0=1500
TPWidth0=0
TPHeight0=10000
TPAzimuth0=0
TPName1=Samedan
TPPosX1=492085.71875
TPPosY1=367178.09375
TPPosZ1=1705
TPAirport1=0
TPSectorType1=0
TPSectorDirection1=0
TPRadius1=3000
TPAngle1=180
TPAltitude1=1500
TPWidth1=0
TPHeight1=2700
TPAzimuth1=0
TPName2=NewTP
TPPosX2=442765.75
TPPosY2=416048.09375
TPPosZ2=956
TPAirport2=0
TPSectorType2=0
TPSectorDirection2=0
TPRadius2=3000
TPAngle2=90
TPAltitude2=1500
TPWidth2=0
TPHeight2=10000
TPAzimuth2=0
TPName3=Schluderns Caste
TPPosX3=438228.40625
TPPosY3=382605.25
TPPosZ3=1008
TPAirport3=0
TPSectorType3=0
TPSectorDirection3=0
TPRadius3=3000
TPAngle3=90
TPAltitude3=1500
TPWidth3=0
TPHeight3=10000
TPAzimuth3=0
TPName4=Chur Gare
TPPosX4=519478.46875
TPPosY4=402473.125
TPPosZ4=586
TPAirport4=0
TPSectorType4=0
TPSectorDirection4=0
TPRadius4=3000
TPAngle4=90
TPAltitude4=1500
TPWidth4=0
TPHeight4=10000
TPAzimuth4=0
TPName5=Samedan
TPPosX5=492085.71875
TPPosY5=367178.09375
TPPosZ5=1705
TPAirport5=0
TPSectorType5=0
TPSectorDirection5=0
TPRadius5=1500
TPAngle5=180
TPAltitude5=1500
TPWidth5=0
TPHeight5=10000
TPAzimuth5=0
PZCount=1
PZPos0X0=494207.0625
PZPos0Y0=369498.1875
PZPos1X0=496151.0625
PZPos1Y0=366780.1875
PZPos2X0=492569.0625
PZPos2Y0=363360.1875
PZPos3X0=489797.0625
PZPos3Y0=364998.1875
PZBase0=2700
PZTop0=10000
PZPenaltyTimeFactor0=200
DisabledAirspaces=1082,1194,1208,1209,1235,1310,1311,1337,1338

[Weather]
RandomizeWeatherOnEachFlight=0
WZCount=1

[WeatherZone0]
Name=Base
PointCount=0
MoveDir=0
MoveSpeed=0
BorderWidth=0
WindDir=183.012786865234
WindSpeed=6.81775665283203
WindUpperSpeed=12.5
WindDirVariation=1
WindSpeedVariation=1
WindTurbulence=2
ThermalsTemp=19.375
ThermalsTempVariation=3
ThermalsDew=7.71875
ThermalsStrength=3
ThermalsStrengthVariation=3
ThermalsInversionheight=3890.546875
ThermalsOverdevelopment=0.25
ThermalsWidth=2
ThermalsWidthVariation=2
ThermalsActivity=3
ThermalsActivityVariation=2
ThermalsTurbulence=0
ThermalsFlatsActivity=2
ThermalsStreeting=2
ThermalsBugs=2
WavesStability=4
WavesMoisture=6
HighCloudsCoverage=2

[Plane]
Class=All
Name=Antares18S
Skin=Default
Water=0
FixedMass=0
CGBias=0
Seat=1
Bugwipers=1

[GameOptions]
TaskDate=46208
StartTime=13
StartTimeWindow=0.75
RaceStartDelay=0.0166666675359011
AATTime=3
IconsVisibleRange=8
ThermalHelpersRange=0
TurnpointHelpersRange=1
AAT=0
AllowBugwipers=1
AllowPDA=0
AllowRealtimeScoring=0
AllowExternalView=0
AllowPadlockView=0
AllowSmoke=0
AllowPlaneRecovery=0
AllowHeightRecovery=0
AllowMidairCollisionRecovery=1
AllowInstructorActions=0
PenaltyCloudFlying=60
PenaltyPlaneRecovery=0
PenaltyHeightRecovery=100
PenaltyWrongWindowEnterance=0
PenaltyWindowCollision=0
PenaltyAirspaceEnterance=40
PenaltyPenaltyZoneEnterance=200
PenaltyThermalHelpers=200
MaxStartGroundSpeed=250
PenaltyStartSpeed=0
PenaltyHighStart=11
PenaltyLowFinish=0
RandSeed=828885914
StartType=2
StartHeight=680
BreakProb=0
RopeLength=50
MaxWingLoading=0
MaxTeams=0
AcroFlight=0

[Description]
Text=--- Task #AXUBEC found on www.condor.club

