[Version]
Condor version=3100

[Task]
TaskVersion=1
TaskID=28132
TaskName=Swiss - Marcuss
Landscape=CW-Swiss
Count=8
TPName0=Thun
TPPosX0=248883.359375
TPPosY0=130743.0546875
TPPosZ0=560
TPAirport0=1
TPSectorType0=0
TPSectorDirection0=0
TPRadius0=3000
TPAngle0=29132
TPAltitude0=1500
TPWidth0=0
TPHeight0=10000
TPAzimuth0=0
TPName1=Huenibach Schiff
TPPosX1=245694.140625
TPPosY1=129184.859375
TPPosZ1=558
TPAirport1=0
TPSectorType1=0
TPSectorDirection1=0
TPRadius1=3000
TPAngle1=180
TPAltitude1=1500
TPWidth1=0
TPHeight1=1800
TPAzimuth1=0
TPName2=Reichenbach
TPPosX2=243231.75
TPPosY2=114803.515625
TPPosZ2=725
TPAirport2=0
TPSectorType2=0
TPSectorDirection2=0
TPRadius2=1000
TPAngle2=360
TPAltitude2=1500
TPWidth2=0
TPHeight2=10000
TPAzimuth2=0
TPName3=Finges Pfyn Om
TPPosX3=249736.046875
TPPosY3=78373.2734375
TPPosZ3=1583
TPAirport3=0
TPSectorType3=0
TPSectorDirection3=0
TPRadius3=3000
TPAngle3=90
TPAltitude3=1500
TPWidth3=0
TPHeight3=10000
TPAzimuth3=0
TPName4=Gletsch Bf
TPPosX4=190921.0625
TPPosY4=108330.8828125
TPPosZ4=1758
TPAirport4=0
TPSectorType4=0
TPSectorDirection4=0
TPRadius4=3000
TPAngle4=90
TPAltitude4=1500
TPWidth4=0
TPHeight4=10000
TPAzimuth4=0
TPName5=Kaegiswil
TPPosX5=198871.375
TPPosY5=146857.625
TPPosZ5=470
TPAirport5=0
TPSectorType5=0
TPSectorDirection5=0
TPRadius5=3000
TPAngle5=90
TPAltitude5=1500
TPWidth5=0
TPHeight5=10000
TPAzimuth5=0
TPName6=Interlaken Bf We
TPPosX6=229856.453125
TPPosY6=122200.9140625
TPPosZ6=570
TPAirport6=0
TPSectorType6=0
TPSectorDirection6=0
TPRadius6=1000
TPAngle6=360
TPAltitude6=1500
TPWidth6=0
TPHeight6=10000
TPAzimuth6=0
TPName7=Thun
TPPosX7=248883.359375
TPPosY7=130743.0546875
TPPosZ7=560
TPAirport7=0
TPSectorType7=0
TPSectorDirection7=0
TPRadius7=2000
TPAngle7=180
TPAltitude7=1500
TPWidth7=0
TPHeight7=700
TPAzimuth7=0
PZCount=0
DisabledAirspaces=76,77,78,79,80,81,82,83,84,85,86,87,88,89,90,91,92,93,94,95,96,97,98,99,100,101,102,103,104,105,106,107,108,109,110,111,112,113,114,115,116,117,118,119,120,158,166,167,168,169,170,171,172,211,212,213,214,215,216,217,218,225,232

[Weather]
RandomizeWeatherOnEachFlight=0
WZCount=1

[WeatherZone0]
Name=Base
PointCount=0
MoveDir=0
MoveSpeed=0
BorderWidth=0
WindDir=118.300758361816
WindSpeed=7.0543041229248
WindUpperSpeed=0
WindDirVariation=1
WindSpeedVariation=1
WindTurbulence=2
ThermalsTemp=22
ThermalsTempVariation=1
ThermalsDew=10
ThermalsStrength=2
ThermalsStrengthVariation=1
ThermalsInversionheight=2200
ThermalsOverdevelopment=0
ThermalsWidth=2
ThermalsWidthVariation=1
ThermalsActivity=3
ThermalsActivityVariation=1
ThermalsTurbulence=2
ThermalsFlatsActivity=2
ThermalsStreeting=0
ThermalsBugs=2
WavesStability=5
WavesMoisture=8
HighCloudsCoverage=2

[Plane]
Class=18-meter
Name=Antares18S
Skin=Default
Water=0
FixedMass=0
CGBias=0
Seat=1
Bugwipers=0

[GameOptions]
TaskDate=46194
StartTime=12
StartTimeWindow=0
RaceStartDelay=0.16666667163372
AATTime=3
IconsVisibleRange=20
ThermalHelpersRange=0
TurnpointHelpersRange=0
AAT=0
AllowBugwipers=1
AllowPDA=1
AllowRealtimeScoring=1
AllowExternalView=1
AllowPadlockView=1
AllowSmoke=1
AllowPlaneRecovery=0
AllowHeightRecovery=0
AllowMidairCollisionRecovery=0
AllowInstructorActions=0
PenaltyCloudFlying=100
PenaltyPlaneRecovery=100
PenaltyHeightRecovery=100
PenaltyWrongWindowEnterance=100
PenaltyWindowCollision=100
PenaltyAirspaceEnterance=100
PenaltyPenaltyZoneEnterance=100
PenaltyThermalHelpers=0
MaxStartGroundSpeed=150
PenaltyStartSpeed=1
PenaltyHighStart=1
PenaltyLowFinish=1
RandSeed=1631276711
StartType=0
StartHeight=700
BreakProb=0
RopeLength=50
MaxWingLoading=0
MaxTeams=0
AcroFlight=0

[Description]
Text= --- Task #AQYBEC found on www.condor.club
